0.684211
0.826087
0.571429
0.375000
0.217391
0.565217
0.565217
0.375000
0.326087
0.326087
0.464286
0.826087
0.384615
0.695652
0.842105
0.565217
0.833333
0.833333
0.684211
0.833333
0.555556
0.214286
0.263158
0.375000
0.565217
0.267857
0.678571
0.392857
0.394737
0.692308
0.468750
0.846154
0.687500
0.821429
0.478261
0.842105
0.842105
0.571429
0.260870
0.468750
0.375000
0.565217
0.842105
0.846154
0.833333
0.562500
0.312500
0.267857
0.833333
0.833333
0.312500
0.818182
0.571429
0.321429
0.562500
0.267857
0.468750
0.394737
0.687500
0.260870
0.666667
0.818182
0.461538
0.394737
0.454545
0.692308
0.217391
0.375000
0.687500
0.478261
0.666667
0.392857
0.473684
0.375000
0.684211
0.846154
0.833333
0.571429
0.576923
0.818182
0.315789
0.826087
0.461538
0.267857
0.565217
0.565217
0.695652
0.576923
0.571429
0.666667
0.454545
0.833333
0.321429
0.687500
0.681818
0.578947
0.833333
0.695652
0.833333
0.565217
0.478261
0.695652
0.391304
0.214286
0.473684
0.821429
0.464286
0.461538
0.695652
0.260870
0.312500
0.263158
0.684211
0.565217
0.545455
0.214286
0.217391
0.214286
0.666667
0.312500
0.692308
0.326087
0.666667
0.315789
0.678571
0.260870
0.833333
0.818182
0.821429
0.846154
0.267857
0.375000
0.565217
0.312500
0.678571
0.312500
0.545455
0.217391
0.565217
0.394737
0.263158
0.384615
0.576923
0.687500
0.214286
0.454545
0.454545
0.565217
0.692308
0.461538
0.818182
0.217391
0.576923
0.217391
0.375000
0.562500
0.555556
0.678571
0.818182
0.833333
0.214286
0.833333
0.800000
0.375000
0.578947
0.391304
0.321429
0.678571
0.812500
0.545455
0.576923
0.312500
0.576923
0.666667
0.391304
0.326087
0.842105
0.468750
0.666667
0.545455
0.384615
0.391304
0.263158
0.473684
0.571429
0.833333
0.464286
0.375000
0.461538
0.571429
0.461538
0.687500
0.326087
0.473684
0.687500
0.687500
0.217391
0.833333
0.812500
0.375000
0.478261
0.392857
0.464286
0.555556
0.312500
0.315789
0.562500
0.392857
0.800000
0.565217
0.214286
0.394737
0.692308
0.666667
0.821429
0.217391
0.692308
0.394737
0.833333
0.473684
0.545455
0.473684
0.315789
0.571429
0.562500
0.565217
0.833333
0.562500
0.217391
0.555556
0.695652
0.461538
0.842105
0.684211
0.818182
0.478261
0.468750
0.392857
0.818182
0.842105
0.833333
0.312500
0.846154
0.473684
0.375000
0.392857
0.812500
0.392857
0.312500
0.571429
0.392857
0.684211
0.375000
0.473684
0.578947
0.260870
0.821429
0.678571
0.454545
0.833333
0.842105
0.681818
0.260870
0.692308
0.375000
0.478261
0.812500
0.267857
0.267857
0.833333
0.394737
0.473684
0.468750
0.692308
0.826087
0.842105
0.384615
0.687500
0.684211
0.812500
0.312500
0.263158
0.826087
0.695652
0.562500
0.217391
0.571429
0.478261
0.692308
0.178571
0.846154
0.800000
0.267857
0.695652
0.454545
0.321429
0.178571
0.695652
0.461538
0.800000
0.692308
0.678571
0.260870
0.666667
0.454545
0.312500
0.217391
0.267857
0.391304
0.562500
0.562500
0.678571
0.468750
0.555556
0.260870
0.578947
0.464286
0.267857
0.478261
0.384615
0.461538
0.260870
0.562500
0.461538
0.800000
0.812500
0.555556
0.217391
0.695652
0.684211
0.464286
0.833333
0.692308
0.846154
0.392857
0.315789
0.321429
0.818182
0.394737
0.263158
0.666667
0.821429
0.812500
0.217391
0.842105
0.800000
0.260870
0.666667
0.315789
0.833333
0.326087
0.681818
0.267857
0.833333
0.684211
0.384615
0.692308
0.260870
0.800000
0.684211
0.315789
0.394737
0.545455
0.454545
0.562500
0.695652
0.818182
0.312500
0.178571
0.571429
0.375000
0.678571
0.818182
0.214286
0.321429
0.321429
0.394737
0.562500
0.846154
0.821429
0.392857
0.267857
0.468750
0.695652
0.464286
0.818182
0.384615
0.818182
0.562500
0.846154
0.263158
0.454545
0.695652
0.687500
0.321429
0.392857
0.826087
0.846154
0.468750
0.681818
0.578947
0.217391
0.263158
0.681818
0.818182
0.846154
0.454545
0.454545
0.842105
0.826087
0.214286
0.821429
0.555556
0.263158
0.846154
0.214286
0.454545
0.545455
0.565217
0.384615
0.260870
0.315789
0.578947
0.267857
0.833333
0.263158
0.464286
0.468750
0.695652
0.326087
0.833333
0.846154
0.692308
0.478261
0.818182
0.178571
0.833333
0.666667
0.666667
0.468750
0.695652
0.695652
0.260870
0.312500
0.555556
0.315789
0.312500
0.687500
0.821429
0.684211
0.315789
0.391304
0.833333
0.692308
0.562500
0.267857
0.565217
0.695652
0.391304
0.666667
0.578947
0.818182
0.826087
0.375000
0.576923
0.263158
0.392857
0.666667
0.178571
0.666667
0.321429
0.681818
0.464286
0.214286
0.392857
0.800000
0.818182
0.562500
0.473684
0.666667
0.384615
0.392857
0.826087
0.684211
0.833333
0.478261
0.454545
0.562500
0.384615
0.562500
0.687500
0.394737
0.315789
0.666667
0.666667
0.478261
0.315789
0.321429
0.267857
0.681818
0.833333
0.392857
0.178571
0.468750
0.812500
0.562500
0.678571
0.562500
0.267857
0.818182
0.681818
0.454545
0.391304
0.842105
0.468750
0.571429
0.821429
0.578947
0.461538
0.846154
0.178571
0.695652
0.800000
0.555556
0.565217
0.826087
0.833333
0.812500
0.312500
0.473684
0.826087
0.562500
0.468750
0.833333
0.842105
0.312500
0.681818
0.394737
0.833333
0.454545
0.473684
0.392857
0.545455
0.692308
0.812500
0.464286
0.375000
0.562500
0.461538
0.678571
0.454545
0.565217
0.312500
0.678571
0.468750
0.687500
0.394737
0.384615
0.555556
0.312500
0.260870
0.687500
0.833333
0.461538
0.818182
0.326087
0.321429
0.214286
0.384615
0.818182
0.214286
0.818182
0.478261
0.267857
0.678571
0.846154
0.812500
0.326087
0.260870
0.473684
0.565217
0.217391
0.260870
0.684211
0.394737
0.178571
0.384615
0.263158
0.818182
0.473684
0.315789
0.571429
0.666667
0.263158
0.562500
0.812500
0.800000
0.678571
0.478261
0.846154
